?legend
data("sw_cv")
sw_cv
?ts
head(macro)
data(macro)
head(macro)
data("sw_cv")
sw_cv
save(sw_cv,file="sw_cv.rda")
sw_cv
as.data.frame(sw_cv)
save(sw_cv, file="sw_cv.rda")
data("sw_cv")
sw_cv
data("sw_cv")
sw_cv
sw_cv=as.data.frame(sw_cv)
save(sw_cv, file="sw_cv.rda")
data("sw_cv")
sw_cv
data("za_cv")
za_cv=as.data.frame(za_cv)
save(za_cv, file="za_cv.rda")
za_cv
data("zt_cv")
zt_cv
zt_cv=as.data.frame(zt_cv)
save(zt_cv, file="zt_cv.rda")
zt_cv
data("cza_cv")
CZA_CV
cza_cv
za_cv
data("zt_cv")
zt_cv
data("zt_cv")
zt_cv=as.data.frame(zt_cv)
save(zt_cv, file="zt_cv.rda")
save(zt_cv1,czt_cv2,czt_cv3,czt_cv4,czt_cv5, file="cza_cv.rda")
data("cza_cv")
czt_cv1=as.data.frame(czt_cv1)
czt_cv2=as.data.frame(czt_cv2)
czt_cv3=as.data.frame(czt_cv3)
czt_cv4=as.data.frame(czt_cv4)
data("cza_cv")
cza_cv1=as.data.frame(cza_cv1)
cza_cv2=as.data.frame(cza_cv2)
cza_cv3=as.data.frame(cza_cv3)
cza_cv4=as.data.frame(cza_cv4)
cza_cv5=as.data.frame(cza_cv5)
save(cza_cv1,cza_cv2,cza_cv3,cza_cv4,cza_cv5, file="cza_cv.rda")
data("czt_cv")
data("czt_cv")
czt_cv1=as.data.frame(czt_cv1)
czt_cv2=as.data.frame(czt_cv2)
czt_cv3=as.data.frame(czt_cv3)
czt_cv4=as.data.frame(czt_cv4)
czt_cv5=as.data.frame(czt_cv5)
save(czt_cv1,czt_cv2,czt_cv3,czt_cv4,czt_cv5, file="czt_cv.rda")
czt_cv
data("czt_cv")
czt_cv2
data("czt_cv")
czt_cv2
data("jstat_cv")
data("jstat_cv")
jstat_cv=as.data.frame(jstat_cv)
save(jstat_cv, file="jstat_cv.rda")
data("jstat_cv")
jstat_cv
head(sw_cv)
data(sw_cv)
head(sw_cv)
tail(sw_cv)
colnames(sw_cv)=LETTERS[1:6]
save(sw_cv,file="sw_cv.rda")
tail(sw_cv)
sw_cv
matrix(c(-13.3203,-7.90074,-5.68767,0.931179, 1.29862, 1.98081,
-19.8270,-13.7251,-11.0755,-0.862642,-0.164026, 1.08285,
-28.9388,-21.2162,-17.9117,-3.66203,-2.57101,-0.785605,
-36.1372,-27.7289,-24.1184,-6.77661,-5.39872,-3.08756,
-41.7662,-33.3775,-29.2523,-9.59716,-7.88770,-5.18416,
-48.5009,-39.1753,-34.7293,-12.5981,-10.6578,-7.71254,
-54.7452,-44.7431,-40.1475,-15.8332,-13.5980,-10.1034,
-24.1694,-17.4041,-14.0011,-1.34121,-0.675043,0.216183,
-30.3486,-22.8687,-19.2077,-3.96148,-2.94051,-1.58208,
-38.5394,-30.3688,-26.5009,-7.70250,-6.39894,-4.50105,
-46.3520,-36.9254,-32.6648,-11.1637,-9.53160,-7.17430,
-53.7001,-43.5059,-38.2381,-14.8370,-12.9377,-9.58422,
-58.4497,-48.4860,-43.5082,-18.3258,-16.0107,-12.5003,
-64.6997,-54.2080,-49.2730,-21.8619,-19.4758,-15.6027,
-33.5131,-25.8869,-21.7689,-5.01961,-3.90496,-2.35839,
-38.7908,-30.8022,-26.9233,-8.08677,-6.73112,-4.83394,
-46.7257,-38.3314,-34.4585,-12.3999,-10.7383,-8.01409,
-55.2815,-45.0332,-40.0670,-16.5618,-14.4237,-11.2332,
-62.3235,-51.4318,-46.6842,-20.7364,-18.4388,-15.0289,
-68.4246,-56.8563,-52.2014,-24.2596,-21.8186,-18.2722,
-73.9199,-62.7270,-57.4913,-28.4254,-25.6386,-21.1985,
-41.9612,-33.7871,-29.5294,-9.06114,-7.60418,-5.52542,
-48.1227,-38.9531,-34.5175,-12.4327,-10.4811,-8.06809,
-55.6054,-46.0721,-40.9803,-17.4810,-15.5728,-12.5394,
-62.4136,-52.5681,-47.7474,-21.8013,-19.5115,-15.5649,
-70.1908,-58.5536,-53.4159,-25.9875,-23.4269,-19.4836,
-76.1623,-65.5816,-59.8560,-29.9115,-26.9531,-22.9176,
-83.6880,-70.9083,-65.3731,-34.8047,-31.5040,-26.8843,
-50.5217,-41.3236,-36.9087,-13.6822,-11.9771,-9.35654,
-55.3076,-46.3877,-41.9660,-17.5556,-15.5670,-12.2844,
-65.7127,-54.1185,-48.7697,-22.0346,-19.7357,-16.0502,
-72.7761,-60.6057,-55.2194,-27.1912,-24.4528,-20.5812,
-78.4725,-67.0663,-61.3885,-31.5129,-28.5568,-24.1560,
-83.7687,-73.1045,-67.1595,-35.8531,-32.7386,-27.7290,
-89.6184,-78.5531,-71.9555,-39.8177,-36.4714,-31.87066),36,6,byrow = TRUE)
c(-13.3203,-7.90074,-5.68767,0.931179, 1.29862, 1.98081,
-19.8270,-13.7251,-11.0755,-0.862642,-0.164026, 1.08285,
-28.9388,-21.2162,-17.9117,-3.66203,-2.57101,-0.785605,
-36.1372,-27.7289,-24.1184,-6.77661,-5.39872,-3.08756,
-41.7662,-33.3775,-29.2523,-9.59716,-7.88770,-5.18416,
-48.5009,-39.1753,-34.7293,-12.5981,-10.6578,-7.71254,
-54.7452,-44.7431,-40.1475,-15.8332,-13.5980,-10.1034,
-24.1694,-17.4041,-14.0011,-1.34121,-0.675043,0.216183,
-30.3486,-22.8687,-19.2077,-3.96148,-2.94051,-1.58208,
-38.5394,-30.3688,-26.5009,-7.70250,-6.39894,-4.50105,
-46.3520,-36.9254,-32.6648,-11.1637,-9.53160,-7.17430,
-53.7001,-43.5059,-38.2381,-14.8370,-12.9377,-9.58422,
-58.4497,-48.4860,-43.5082,-18.3258,-16.0107,-12.5003,
-64.6997,-54.2080,-49.2730,-21.8619,-19.4758,-15.6027,
-33.5131,-25.8869,-21.7689,-5.01961,-3.90496,-2.35839,
-38.7908,-30.8022,-26.9233,-8.08677,-6.73112,-4.83394,
-46.7257,-38.3314,-34.4585,-12.3999,-10.7383,-8.01409,
-55.2815,-45.0332,-40.0670,-16.5618,-14.4237,-11.2332,
-62.3235,-51.4318,-46.6842,-20.7364,-18.4388,-15.0289,
-68.4246,-56.8563,-52.2014,-24.2596,-21.8186,-18.2722,
-73.9199,-62.7270,-57.4913,-28.4254,-25.6386,-21.1985,
-41.9612,-33.7871,-29.5294,-9.06114,-7.60418,-5.52542,
-48.1227,-38.9531,-34.5175,-12.4327,-10.4811,-8.06809,
-55.6054,-46.0721,-40.9803,-17.4810,-15.5728,-12.5394,
-62.4136,-52.5681,-47.7474,-21.8013,-19.5115,-15.5649,
-70.1908,-58.5536,-53.4159,-25.9875,-23.4269,-19.4836,
-76.1623,-65.5816,-59.8560,-29.9115,-26.9531,-22.9176,
-83.6880,-70.9083,-65.3731,-34.8047,-31.5040,-26.8843,
-50.5217,-41.3236,-36.9087,-13.6822,-11.9771,-9.35654,
-55.3076,-46.3877,-41.9660,-17.5556,-15.5670,-12.2844,
-65.7127,-54.1185,-48.7697,-22.0346,-19.7357,-16.0502,
-72.7761,-60.6057,-55.2194,-27.1912,-24.4528,-20.5812,
-78.4725,-67.0663,-61.3885,-31.5129,-28.5568,-24.1560,
-83.7687,-73.1045,-67.1595,-35.8531,-32.7386,-27.7290,
-89.6184,-78.5531,-71.9555,-39.8177,-36.4714,-31.87066)
matrix(c(-13.3203,-7.90074,-5.68767,0.931179, 1.29862, 1.98081,
-19.8270,-13.7251,-11.0755,-0.862642,-0.164026, 1.08285,
-28.9388,-21.2162,-17.9117,-3.66203,-2.57101,-0.785605,
-36.1372,-27.7289,-24.1184,-6.77661,-5.39872,-3.08756,
-41.7662,-33.3775,-29.2523,-9.59716,-7.88770,-5.18416,
-48.5009,-39.1753,-34.7293,-12.5981,-10.6578,-7.71254,
-54.7452,-44.7431,-40.1475,-15.8332,-13.5980,-10.1034,
-24.1694,-17.4041,-14.0011,-1.34121,-0.675043,0.216183,
-30.3486,-22.8687,-19.2077,-3.96148,-2.94051,-1.58208,
-38.5394,-30.3688,-26.5009,-7.70250,-6.39894,-4.50105,
-46.3520,-36.9254,-32.6648,-11.1637,-9.53160,-7.17430,
-53.7001,-43.5059,-38.2381,-14.8370,-12.9377,-9.58422,
-58.4497,-48.4860,-43.5082,-18.3258,-16.0107,-12.5003,
-64.6997,-54.2080,-49.2730,-21.8619,-19.4758,-15.6027,
-33.5131,-25.8869,-21.7689,-5.01961,-3.90496,-2.35839,
-38.7908,-30.8022,-26.9233,-8.08677,-6.73112,-4.83394,
-46.7257,-38.3314,-34.4585,-12.3999,-10.7383,-8.01409,
-55.2815,-45.0332,-40.0670,-16.5618,-14.4237,-11.2332,
-62.3235,-51.4318,-46.6842,-20.7364,-18.4388,-15.0289,
-68.4246,-56.8563,-52.2014,-24.2596,-21.8186,-18.2722,
-73.9199,-62.7270,-57.4913,-28.4254,-25.6386,-21.1985,
-41.9612,-33.7871,-29.5294,-9.06114,-7.60418,-5.52542,
-48.1227,-38.9531,-34.5175,-12.4327,-10.4811,-8.06809,
-55.6054,-46.0721,-40.9803,-17.4810,-15.5728,-12.5394,
-62.4136,-52.5681,-47.7474,-21.8013,-19.5115,-15.5649,
-70.1908,-58.5536,-53.4159,-25.9875,-23.4269,-19.4836,
-76.1623,-65.5816,-59.8560,-29.9115,-26.9531,-22.9176,
-83.6880,-70.9083,-65.3731,-34.8047,-31.5040,-26.8843,
-50.5217,-41.3236,-36.9087,-13.6822,-11.9771,-9.35654,
-55.3076,-46.3877,-41.9660,-17.5556,-15.5670,-12.2844,
-65.7127,-54.1185,-48.7697,-22.0346,-19.7357,-16.0502,
-72.7761,-60.6057,-55.2194,-27.1912,-24.4528,-20.5812,
-78.4725,-67.0663,-61.3885,-31.5129,-28.5568,-24.1560,
-83.7687,-73.1045,-67.1595,-35.8531,-32.7386,-27.7290,
-89.6184,-78.5531,-71.9555,-39.8177,-36.4714,-31.87066),35,6,byrow = TRUE)
data("za_cv")
za_cv
as.numeric(za_cv)
c(za_cv)
za_cv
#data("za_cv")
matrix(c(-12.7373, -7.56408, -5.49383,  0.961220,   1.3303500,  2.165410,
-18.5354,-12.92950,-10.43170, -0.720203,  -0.0196524,  1.240320,
-25.2438,-19.30330,-16.54990, -3.643880,  -2.5655300, -0.627704,
-30.5744,-24.39910,-21.36110, -6.361920,  -5.0722700, -2.670510,
-35.0775,-28.70120,-25.35500, -9.040050,  -7.4862800, -4.775960,
-38.4996,-32.42080,-29.32720,-11.881100, -10.1905000, -7.253620,
-42.4844,-36.63170,-33.10240,-14.363400, -12.3512000, -9.111360,
-12.6659, -7.83927, -5.66818,  0.939938,   1.2877700,  2.082020,
-19.7950,-13.87760,-11.15870, -0.840616,  -0.0840653,  1.186070,
-27.4162,-20.48430,-17.38810, -3.868380,  -2.6042100, -0.770390,
-33.9379,-26.01560,-22.54920, -6.529590,  -5.2013900, -3.031720,
-39.7563,-31.66320,-27.80090, -9.535910,  -7.8289400, -5.238520,
-43.5637,-35.76820,-32.03460,-12.145200, -10.2447000, -7.271190,
-48.2433,-40.41640,-36.54210,-15.155100, -12.9602000, -9.758410,
-13.3651, -7.90243, -5.49412,  0.966783,   1.3365000,  2.079380,
-19.6059,-13.69200,-10.87210, -0.787890,  -0.0876999,  0.950561,
-27.6148,-20.83650,-17.61650, -3.836940,  -2.7505600, -0.842735,
-34.1097,-26.79860,-23.16000, -6.450460,  -5.1004700, -3.111050,
-40.3925,-32.00600,-28.27850, -9.471100,  -7.7914000, -4.928180,
-45.0052,-37.22530,-33.21770,-12.282100, -10.5302000, -7.432020,
-50.7937,-42.05080,-37.54270,-15.323800, -13.2086000, -9.742120,
-13.3692, -7.89486, -5.71541,  0.948937,   1.3080100,  2.104970,
-19.9486,-13.99130,-11.15860, -0.787331,  -0.0269699,  1.137410,
-27.9931,-21.15760,-17.91860, -3.810260,  -2.7187000, -0.837992,
-35.0490,-27.19400,-23.67090, -6.654870,  -5.2355000, -3.072310,
-40.3521,-32.48500,-28.57750, -9.518530,  -7.7819400, -5.012510,
-47.1751,-38.30980,-33.86580,-12.461800, -10.6589000, -7.466500,
-52.0322,-42.86550,-38.53990,-15.422300, -13.2436000, -9.670280,
-14.0823, -8.28333, -5.99486,  0.920818,   1.2714000,  2.033400,
-21.4999,-13.80700,-11.09280, -0.801395,  -0.0878569,  1.036880,
-28.7263,-21.11960,-17.80700, -3.810680,  -2.6088900, -0.808609,
-35.5745,-27.30030,-23.55160, -6.603350,  -5.1786000, -2.972270,
-40.0782,-32.74930,-28.75610, -9.329770,  -7.6812000, -5.077950,
-47.3737,-38.09540,-33.69890,-12.323400, -10.4146000, -7.426450,
-53.7801,-43.68990,-38.88260,-15.176600, -13.1545000, -9.671880,
-13.9719, -8.17224, -5.76096,  0.950562,   1.3158300,  2.114710,
-20.3875,-13.86830,-11.20520, -0.916779,  -0.2207140,  0.941118,
-28.9907,-21.64720,-17.94390, -3.697590,  -2.6426800, -0.807373,
-35.7256,-27.43080,-23.58360, -6.563490,  -5.2432300, -2.977630,
-41.5248,-32.81460,-28.72710, -9.471330,  -7.8264300, -5.183640,
-48.3567,-38.54880,-33.96850,-12.428400, -10.4731000, -7.275080,
-53.1057,-43.76040,-39.21200,-15.419000, -13.3191000, -9.614890,
-13.5730, -8.06977, -5.65113,  0.961240,   1.2807400,  2.078150,
-19.9323,-13.81100,-11.12470, -0.845649,  -0.1537010,  1.089490,
-27.8491,-21.25440,-17.91200, -3.805990,  -2.7328700, -0.935069,
-35.7010,-26.99990,-23.38520, -6.543370,  -5.1743000, -2.795640,
-42.0137,-33.27630,-28.93870, -9.560160,  -7.9480800, -5.285030,
-48.1776,-38.66880,-34.24290,-12.422100, -10.5889000, -7.498720,
-53.3845,-43.42380,-38.81020,-15.439200, -13.3112000, -9.643370,
-13.7148, -8.13537, -5.76289,  0.942782,   1.3165900,  2.104580,
-20.0305,-13.89550,-11.26980, -0.883212,  -0.1676460,  1.097420,
-28.7399,-21.34320,-17.94440, -3.733980,  -2.6446100, -0.831958,
-35.5990,-27.53600,-23.79860, -6.539610,  -5.2432800, -2.910020,
-41.5429,-33.13650,-29.09500, -9.576210,  -7.8973200, -5.065490,
-47.6170,-38.78650,-34.29400,-12.405000, -10.5413000, -7.667050,
-52.6490,-43.58220,-39.18470,-15.437400, -13.3723000, -9.786780,
-13.6941, -7.95984, -5.77783,  0.915282,   1.2613500,  1.996100,
-19.7027,-14.00460,-11.15910, -0.780447,  -0.0928893,  1.110800,
-28.4947,-21.10970,-17.79350, -3.819180,  -2.7007500, -0.873863,
-35.6557,-27.76970,-23.73180, -6.633600,  -5.3319700, -2.786940,
-41.6673,-33.29610,-28.98350, -9.624710,  -7.9421800, -5.233220,
-48.2618,-38.75930,-34.28990,-12.589700, -10.6462000, -7.411540,
-54.1172,-43.86230,-39.26150,-15.616100, -13.3251000, -9.929630,
-13.3203, -7.90074, -5.68767,  0.931179,   1.2986200,  1.980810,
-19.8270,-13.72510,-11.07550, -0.862642,  -0.1640260,  1.082850,
-28.9388,-21.21620,-17.91170, -3.662030,  -2.5710100, -0.785605,
-36.1372,-27.72890,-24.11840, -6.776610,  -5.3987200, -3.087560,
-41.7662,-33.37750,-29.25230, -9.597160,  -7.8877000, -5.184160,
-48.5009,-39.17530,-34.72930,-12.598100, -10.6578000, -7.712540,
-54.7452,-44.74310,-40.14750,-15.833200, -13.5980000,-10.103400),70,6,byrow=TRUE)
zt_cv
data("zt_cv")
zt_cv
#data("zt_cv")
matrix(c(-2.63467,-1.95254,-1.62044, 0.910216, 1.3050800, 2.080880,
-3.63993,-2.94935,-2.61560,-0.369306,-0.0116304, 0.666745,
-4.20045,-3.54490,-3.21450,-1.207730,-0.8962150,-0.237604,
-4.65813,-3.99463,-3.66223,-1.692140,-1.3903100,-0.819931,
-5.07175,-4.39197,-4.03090,-2.065030,-1.7832900,-1.218300,
-5.45384,-4.73277,-4.39304,-2.403330,-2.1543300,-1.623570,
-5.82090,-5.13053,-4.73415,-2.664660,-2.3986800,-1.881930,
-2.53279,-1.94976,-1.62656, 0.915249, 1.3167900, 2.117870,
-3.56634,-2.93701,-2.61518,-0.439283,-0.0498821, 0.694244,
-4.08920,-3.46145,-3.17093,-1.258390,-0.9195330,-0.298641,
-4.56873,-3.89966,-3.59161,-1.725430,-1.4451300,-0.894085,
-4.97062,-4.33552,-4.00795,-2.125190,-1.8578500,-1.305660,
-5.26901,-4.62509,-4.29928,-2.421130,-2.1500200,-1.658320,
-5.54856,-4.95553,-4.63476,-2.717630,-2.4650800,-1.994500,
-2.60249,-1.94232,-1.59497, 0.912961, 1.3070900, 2.023750,
-3.43911,-2.91515,-2.58414,-0.404598,-0.0481033, 0.538450,
-4.00519,-3.46110,-3.15517,-1.253320,-0.9580710,-0.320677,
-4.46919,-3.87624,-3.58887,-1.703540,-1.4403400,-0.920625,
-4.84725,-4.25239,-3.95439,-2.113820,-1.8549500,-1.264060,
-5.15555,-4.59557,-4.30149,-2.412710,-2.1937000,-1.704470,
-5.46544,-4.89343,-4.58188,-2.741510,-2.4972300,-2.023900,
-2.58559,-1.94477,-1.62458, 0.905676, 1.3037100, 2.018810,
-3.46419,-2.91242,-2.58837,-0.410558,-0.0141618, 0.665034,
-4.00090,-3.45423,-3.16252,-1.240400,-0.9376580,-0.304433,
-4.45303,-3.89216,-3.61209,-1.742460,-1.4828000,-0.906047,
-4.79484,-4.22115,-3.92941,-2.114340,-1.8363200,-1.302740,
-5.15005,-4.58359,-4.30336,-2.449720,-2.2131200,-1.683300,
-5.42757,-4.88604,-4.60358,-2.740440,-2.5020500,-2.040080,
-2.65229,-1.99090,-1.66577, 0.875165, 1.2706800, 2.044140,
-3.49260,-2.87595,-2.56885,-0.416310,-0.0488941, 0.611200,
-3.99417,-3.42290,-3.13981,-1.250960,-0.9509160,-0.310521,
-4.42462,-3.85645,-3.56568,-1.731080,-1.4587300,-0.934604,
-4.72243,-4.22262,-3.94435,-2.106600,-1.8423300,-1.267020,
-5.12654,-4.55072,-4.24765,-2.434560,-2.1888700,-1.730810,
-5.46995,-4.87930,-4.57608,-2.712260,-2.4836700,-2.005970,
-2.63492,-1.96775,-1.62969, 0.904516, 1.3137100, 2.032860,
-3.44558,-2.84182,-2.57313,-0.469204,-0.1283580, 0.553411,
-3.99140,-3.41543,-3.13588,-1.235850,-0.9445000,-0.311271,
-4.43404,-3.84922,-3.56413,-1.738540,-1.4858500,-0.896978,
-4.75946,-4.19562,-3.91052,-2.099970,-1.8603400,-1.329870,
-5.14042,-4.56772,-4.25699,-2.438820,-2.1892200,-1.673710,
-5.39389,-4.85343,-4.57927,-2.734970,-2.4992100,-2.002470,
-2.58970,-1.95674,-1.61786, 0.902516, 1.3221500, 2.053830,
-3.44036,-2.86974,-2.58294,-0.451590,-0.0789340, 0.631864,
-3.95420,-3.43052,-3.13924,-1.233280,-0.9389860,-0.375491,
-4.40180,-3.79982,-3.52726,-1.715980,-1.4458400,-0.885303,
-4.77897,-4.21672,-3.93324,-2.123090,-1.8843100,-1.339160,
-5.13508,-4.56464,-4.27617,-2.443580,-2.1882600,-1.727840,
-5.35071,-4.82097,-4.54914,-2.733770,-2.4887400,-2.014370,
-2.60653,-1.96391,-1.63477, 0.890881, 1.2929600, 1.971630,
-3.42692,-2.86280,-2.57220,-0.463397,-0.0922419, 0.613101,
-3.99299,-3.41999,-3.13524,-1.238570,-0.9299150,-0.337193,
-4.41297,-3.83582,-3.55450,-1.724080,-1.4491500,-0.872755,
-4.75811,-4.18759,-3.92599,-2.127990,-1.8846300,-1.371180,
-5.08726,-4.53617,-4.26643,-2.446940,-2.1910900,-1.723290,
-5.33780,-4.82542,-4.54802,-2.734600,-2.5072600,-2.029270,
-2.58687,-1.93939,-1.63192, 0.871242, 1.2661100, 1.966410,
-3.38577,-2.86443,-2.57318,-0.391939,-0.0498984, 0.659539,
-3.93785,-3.39130,-3.10317,-1.248360,-0.9563490,-0.334478,
-4.39967,-3.85724,-3.55951,-1.745780,-1.4637400,-0.870275,
-4.74764,-4.20488,-3.91350,-2.123840,-1.8820200,-1.368530,
-5.07739,-4.52487,-4.25185,-2.436740,-2.2228900,-1.729550,
-5.36172,-4.81947,-4.53837,-2.744480,-2.5136700,-2.030650,
-2.58364,-1.95730,-1.63110, 0.903082, 1.2861300, 2.006050,
-3.45830,-2.87104,-2.59369,-0.451613,-0.1060250, 0.536687,
-3.99783,-3.43182,-3.16171,-1.260320,-0.9563270,-0.305719,
-4.40298,-3.86066,-3.56940,-1.745880,-1.4842900,-0.914111,
-4.84459,-4.23012,-3.93845,-2.151350,-1.8987600,-1.396540,
-5.10571,-4.56846,-4.28913,-2.476370,-2.2251700,-1.795860,
-5.39872,-4.86396,-4.58525,-2.789710,-2.5618100,-2.140420),70,6,byrow=TRUE)
cza_cv
data("cza_cv")
cza_cv1
cza_cv1
cza_cv1=matrix(c(-21.4671,-15.0795,-12.3580, -0.435276,  0.324484,  1.512270,
-27.9595,-20.4517,-16.9301, -2.626460, -1.634170,  0.328466,
-35.7997,-27.1717,-23.1708, -5.643440, -4.173170, -1.958920,
-40.6091,-32.6137,-28.6745, -8.689830, -7.053230, -4.010580,
-49.1926,-38.7258,-33.9488,-12.131800,-10.025000, -7.035770,
-54.7842,-44.3203,-38.9217,-14.778700,-12.685800, -9.066600,
-59.6346,-49.3182,-44.3012,-18.021900,-15.843700,-11.854400,
-30.8611,-22.2662,-18.5434, -2.754930, -1.533390,  0.290811,
-34.4670,-26.3162,-22.4539, -4.879970, -3.533600, -1.058470,
-41.7400,-32.5797,-28.2930, -8.016530, -6.351310, -3.799320,
-47.3619,-38.0365,-33.7480,-11.294500, -9.424600, -6.009060,
-51.6608,-42.5369,-37.9949,-13.957700,-11.927900, -8.532240,
-58.3279,-48.7145,-43.7128,-17.605000,-15.369400,-11.629800,
-61.9607,-52.2508,-47.2635,-20.595500,-17.925500,-13.258200,
-35.4272,-27.3675,-23.4843, -5.480910, -4.029230, -1.712820,
-40.2438,-31.7486,-27.5563, -7.765510, -6.014900, -2.937320,
-48.3839,-37.5071,-32.9760,-10.654000, -8.521630, -5.294400,
-51.1926,-42.6630,-38.1287,-13.802400,-11.320800, -7.729800,
-59.5024,-48.2790,-42.8624,-16.770800,-14.523500,-10.753800,
-63.9559,-52.8664,-47.6602,-20.344000,-17.621500,-13.714400,
-68.3320,-57.8818,-52.5888,-23.603700,-20.576500,-15.695600,
-42.7639,-33.8215,-29.2817, -8.118790, -6.385720, -3.255560,
-46.1569,-36.9237,-32.4094,-10.344300, -8.235620, -4.678770,
-53.8812,-42.7055,-38.2874,-13.589400,-11.140100, -7.607650,
-57.3691,-47.1248,-42.7974,-16.793500,-14.239000,-10.268700,
-64.3988,-52.7165,-47.8007,-20.128400,-17.177500,-12.674200,
-69.5552,-58.1103,-52.1035,-22.921200,-20.048900,-15.352700,
-72.3939,-62.5092,-57.0232,-26.400700,-23.074100,-18.252900,
-47.8957,-38.5540,-33.7328,-10.593400, -8.610880, -5.183740,
-52.0405,-41.9746,-37.4380,-13.046400,-10.991300, -7.534540,
-57.4362,-47.2991,-42.3937,-15.964200,-13.513600, -9.445750,
-63.1737,-52.2942,-46.9920,-19.471600,-16.799100,-12.543300,
-67.1194,-56.5680,-51.5684,-22.924100,-19.749000,-14.639600,
-74.2638,-62.5804,-57.0437,-25.875500,-22.756900,-17.346600,
-79.3928,-67.5730,-61.5408,-28.752400,-25.585100,-19.614900),35,6,byrow=TRUE)
cza_cv1
colnames(cza_cv1)=c("1%","5%","10%","90%","95%","99%")
cza_cv1
cza_cv2
cza_cv3
cza_cv4
cza_cv5
data("czt_cv")
czt_cv1
czt_cv1=matrix(c(-3.28608,-2.71123,-2.44427,-0.228267,0.196845,1.078450,
-3.88031,-3.35851,-3.03798,-1.011440,-0.653342,0.153117 ,
-4.36339,-3.84931,-3.52926,-1.590690,-1.276910,-0.688550,
-4.69226,-4.16473,-3.91069,-2.034990,-1.751670,-1.169090,
-5.12583,-4.55603,-4.24350,-2.430620,-2.159180,-1.632410,
-5.45902,-4.85433,-4.54552,-2.689990,-2.450590,-1.962130,
-5.68874,-5.13084,-4.85451,-3.012870,-2.774700,-2.347740,
-3.95399,-3.33181,-3.01057,-0.964258,-0.632140,0.148153 ,
-4.29147,-3.77581,-3.47606,-1.474350,-1.156490,-0.382089,
-4.80216,-4.16163,-3.87422,-1.956610,-1.689750,-1.176240,
-5.08973,-4.49148,-4.22534,-2.347630,-2.095060,-1.523680,
-5.28946,-4.77944,-4.49057,-2.634830,-2.392270,-1.882620,
-5.64107,-5.10086,-4.81771,-2.953130,-2.742330,-2.302930,
-5.84555,-5.26853,-5.01340,-3.214190,-2.957900,-2.501590,
-4.25439,-3.69759,-3.42840,-1.498520,-1.226940,-0.593763,
-4.62332,-4.12603,-3.83833,-1.916320,-1.652710,-0.937750,
-5.09990,-4.50073,-4.18896,-2.265530,-1.974590,-1.416160,
-5.23982,-4.74879,-4.50065,-2.590040,-2.306010,-1.766240,
-5.63745,-5.07700,-4.77794,-2.880290,-2.663050,-2.255290,
-5.87733,-5.31763,-5.03729,-3.175260,-2.940430,-2.543290,
-6.08463,-5.57014,-5.29279,-3.458900,-3.210350,-2.683310,
-4.68825,-4.14264,-3.83668,-1.890220,-1.625430,-1.021710,
-5.00664,-4.43544,-4.14709,-2.243340,-1.943040,-1.292580,
-5.42102,-4.77343,-4.48998,-2.572090,-2.303660,-1.798850,
-5.60249,-5.02686,-4.77574,-2.891950,-2.617260,-2.092530,
-5.90744,-5.31272,-5.04121,-3.160760,-2.896670,-2.442740,
-6.16639,-5.58218,-5.28049,-3.402630,-3.157650,-2.702510,
-6.29638,-5.79252,-5.52324,-3.653720,-3.401150,-2.945140,
-4.99327,-4.43088,-4.13314,-2.195770,-1.948060,-1.339550,
-5.28724,-4.72773,-4.46224,-2.525560,-2.251210,-1.755920,
-5.53603,-5.03231,-4.74442,-2.811010,-2.539780,-2.014640,
-5.85790,-5.28516,-4.99765,-3.116500,-2.856840,-2.386430,
-6.03218,-5.50167,-5.24244,-3.378980,-3.131820,-2.579770,
-6.38137,-5.80056,-5.52693,-3.628560,-3.374820,-2.855110,
-6.60394,-6.03056,-5.73651,-3.831740,-3.560480,-3.095600),35,6,byrow=TRUE)
czt_cv1
czt_cv2
czt_cv2=matrix(c(-3.39320, -2.78062, -2.47410, -0.279165,  0.172570,  1.017570,
-3.81898, -3.34274, -3.04197, -0.984635, -0.632195,  0.078616,
-4.43824, -3.83476, -3.53856, -1.597690, -1.325380, -0.682733,
-4.78731, -4.19879, -3.90468, -2.036200, -1.785190, -1.255400,
-5.15859, -4.55815, -4.27559, -2.404020, -2.151480, -1.649910,
-5.36666, -4.82211, -4.55480, -2.730390, -2.475860, -1.963420,
-5.70533, -5.14149, -4.83768, -2.989680, -2.754670, -2.332440,
-3.88099, -3.31554, -3.00918, -1.014000, -0.666507,  0.112207,
-4.35920, -3.76677, -3.47891, -1.478870, -1.174610, -0.457611,
-4.73655, -4.17175, -3.87843, -1.956220, -1.672730, -1.057520,
-5.03407, -4.48465, -4.18736, -2.320470, -2.068440, -1.546200,
-5.37301, -4.80609, -4.50790, -2.658160, -2.391000, -1.905160,
-5.63842, -5.08273, -4.79419, -2.952110, -2.720470, -2.261140,
-5.95823, -5.38482, -5.08735, -3.238620, -2.986610, -2.580600,
-4.29209, -3.74752, -3.44785, -1.496640, -1.193630, -0.540536,
-4.73620, -4.16373, -3.83159, -1.878260, -1.567860, -0.906299,
-4.98331, -4.47817, -4.18238, -2.275440, -1.997330, -1.459560,
-5.34322, -4.77455, -4.47877, -2.605810, -2.346690, -1.820750,
-5.61331, -5.05800, -4.77543, -2.912280, -2.648290, -2.130150,
-5.94606, -5.34094, -5.05669, -3.173140, -2.928330, -2.501310,
-6.17994, -5.62560, -5.32022, -3.459190, -3.219280, -2.738380,
-4.68326, -4.13893, -3.83504, -1.885940, -1.597830, -1.029000,
-5.01959, -4.44111, -4.16075, -2.242250, -1.965500, -1.367530,
-5.35312, -4.76318, -4.48253, -2.533500, -2.268620, -1.749660,
-5.65846, -5.05443, -4.74318, -2.860210, -2.616330, -2.150960,
-5.89297, -5.33097, -5.03686, -3.137800, -2.883990, -2.368950,
-6.11791, -5.59035, -5.29834, -3.392830, -3.131940, -2.645580,
-6.43463, -5.83831, -5.54375, -3.635260, -3.408220, -2.977310,
-4.99049, -4.45174, -4.15603, -2.223880, -1.941070, -1.409330,
-5.37057, -4.77929, -4.48921, -2.544310, -2.272970, -1.726750,
-5.61805, -5.06136, -4.76461, -2.816510, -2.547850, -2.049560,
-5.88425, -5.29788, -5.01558, -3.106980, -2.837810, -2.330350,
-6.15156, -5.57259, -5.28198, -3.360620, -3.101400, -2.610650,
-6.37314, -5.80031, -5.51577, -3.636860, -3.385050, -2.871760,
-6.58251, -6.03057, -5.74573, -3.850370, -3.604850, -3.119320),35,6,byrow=TRUE)
czt_cv2
czt_cv3
czt_cv3=matrix(c(-3.36203, -2.77548, -2.46139, -0.286807,  0.132866,  1.034710,
-3.90239, -3.32711, -3.03723, -0.996528, -0.605509,  0.118508,
-4.32982, -3.81156, -3.51879, -1.594530, -1.290250, -0.576746,
-4.81264, -4.24058, -3.93314, -2.052260, -1.797340, -1.238670,
-5.09929, -4.53317, -4.26022, -2.390470, -2.150620, -1.661210,
-5.40020, -4.84728, -4.56541, -2.720730, -2.482760, -2.012380,
-5.72554, -5.14543, -4.85290, -3.036420, -2.797470, -2.388770,
-3.93064, -3.31039, -3.00695, -1.025510, -0.692057,  0.104883,
-4.30844, -3.76971, -3.48291, -1.498670, -1.182930, -0.449296,
-4.69802, -4.16002, -3.85937, -1.951720, -1.669410, -1.078730,
-5.09621, -4.51913, -4.22178, -2.320050, -2.069400, -1.524400,
-5.39988, -4.84499, -4.54918, -2.662410, -2.408860, -1.945180,
-5.67194, -5.12143, -4.83266, -2.957870, -2.715750, -2.267830,
-5.90971, -5.38093, -5.10006, -3.245900, -3.009990, -2.555900,
-4.32518, -3.77645, -3.46220, -1.487240, -1.199310, -0.531819,
-4.66166, -4.12423, -3.82665, -1.859920, -1.567700, -0.952556,
-5.06263, -4.47715, -4.19478, -2.272280, -1.989350, -1.408570,
-5.39577, -4.79037, -4.51644, -2.601860, -2.320670, -1.824480,
-5.62591, -5.09997, -4.78451, -2.895430, -2.661080, -2.162810,
-5.96117, -5.38487, -5.08529, -3.191760, -2.956770, -2.457500,
-6.18044, -5.61962, -5.32402, -3.444530, -3.186000, -2.750240,
-4.69949, -4.11581, -3.84809, -1.916520, -1.630970, -1.063540,
-5.02878, -4.48050, -4.18169, -2.200230, -1.921960, -1.371220,
-5.37891, -4.82102, -4.49501, -2.551000, -2.294070, -1.763130,
-5.59926, -5.07560, -4.78056, -2.890470, -2.618340, -2.113720,
-5.97404, -5.35040, -5.03148, -3.158380, -2.916660, -2.445700,
-6.20250, -5.64756, -5.33112, -3.402550, -3.168000, -2.737950,
-6.40258, -5.84695, -5.58164, -3.678110, -3.427660, -2.973150,
-5.02873, -4.44103, -4.15164, -2.197920, -1.941000, -1.394670,
-5.36834, -4.76996, -4.46992, -2.536660, -2.272570, -1.733550,
-5.59537, -5.05016, -4.78520, -2.830930, -2.572790, -2.075030,
-5.85590, -5.33224, -5.03207, -3.114890, -2.860070, -2.365510,
-6.20771, -5.62475, -5.32273, -3.364390, -3.108060, -2.638990,
-6.38397, -5.87287, -5.56819, -3.633760, -3.379170, -2.872150,
-6.69353, -6.08474, -5.78590, -3.872310, -3.610220, -3.149080),35,6,byrow=TRUE)
czt_cv3
czt_cv4
czt_cv5
data("jstat_cv")
jstat_cv
urca::summary(urca::ur.pp(rnorm(100)))
urca::summary(urca::ur.pp(rnorm(100),type="Z-alpha"))
y=rnorm(300)
PP=urca::ur.pp(y,type=c("Z-alpha", "Z-tau")[2],model="trend")
PP@teststat
PP@cva
PP@cval
PP=urca::ur.pp(y,type=c("Z-alpha", "Z-tau")[1],model="trend")
PP@teststat
PP@cval
urca::ur.pp(y,type=c("Z-alpha", "Z-tau")[1],model="trend")
PP=urca::ur.pp(y,type=c("Z-alpha", "Z-tau")[1],model="trend")
urca::summary(PP)
PP@cval
data(macro)
head(macro)
